00000000000000000000
00001110022200000000
00002220222220000000
00002220222220000000
00002220222220000000
00000000222220000000
00002220222220000000
00002220222220000000
00002220222220000000
00002220022200000000
00000000000000000000
00000000000000000000
00000000000000000000
30000 	#one star
35000 	#two star
40000 	#three star
18 	#limit step
0	#vertical
0	#horizontal
0	#Teffect
0	#chocolate
4	#candy type
1	#mode
1	#initcandy
1	#portal
6 4 4 4 6 5 4 5 6 6 4 6 6 4 9 9 1 5 9 10 1 6 9 11 1	#location
60360	#LastScore
1	#IsUnlock