00000000000000000000
00000000000000000000
01111222222222220000
02224422222442220000
02244443344444220000
02224444344442220000
02222444334422220000
02222244434222220000
02222224442222220000
02222222422222220000
00000000000000000000
00000000000000000000
00000000000000000000
3000	#one star
4000	#two star
5000	#three star
20	#limit step
0	#vertical
0	#horizontal
0	#Teffect
0	#chocolate
5	#candy type
2	#mode
0	#initcandy
1	#portal
12 1 9 5 2 2 9 6 2 3 9 7 2 4 9 8 2 5 9 9 2 6 9 10 2 7 9 11 2 8 9 12 2 9 9 13 2 10 9 13 2 11 9 14 2 12 9 15 2
0	#LastScore
1	#IsUnlock