00000000000000000000
00000000000000000000
00111000000000000000
00222001110000000000
00222002220011100000
00222002220022200000
00000002220022200000
00000000000022200000
00000000000000000000
00000000000000000000
00000000000000000000
00000000000000000000
00000000000000000000
4000 	#one star
5000 	#two star
6000 	#three star
15 	#limit step
0	#vertical
0	#horizontal
0	#Teffect
0	#chocolate
5	#candy type
1	#mode
0	#initcandy
1	#portal
6 2 5 7 3 3 5 8 3 4 5 9 3 7 6 12 4 8 6 13 4 9 6 14 4 
11760	#LastScore
1	#IsUnlock