00000000000000000000
01111000011110000000
02222000022220000000
02222000022222400000
02222240022220000000
00000000000000000000
00000000000000000000
00000000000003333000
00000000000003333000
00000000000003333000
00000000000003333000
00000000000000000000
00000000000000000000
5000 	#one star
6000 	#two star
7000 	#three star
28 	#limit step
0	#vertical
0	#horizontal
0	#Teffect
0	#chocolate
4	#candy type
2	#mode
0	#initcandy
1	#portal
6 9 4 13 7 10 4 14 7 11 4 15 7 12 4 16 7 5 4 6 4 13 3 14 3#location
0	#LastScore
1	#IsUnlock