00000000000000000000
00000000000000000000
00111000000000000000
00222001110000000000
00222002220011111100
00222002330033222200
00222002220022222200
00000000000022222200
00000000000000000000
00000000000000000000
00000000000000000000
00000000000000000000
00000000000000000000
5500 	#one star
6600 	#two star
9000 	#three star
30 	#limit step
0	#vertical
0	#horizontal
0	#Teffect
0	#chocolate
5	#candy type
1	#mode
0	#initcandy
1	#portal
6 2 6 7 3 3 6 8 3 4 6 9 3 7 6 12 4 8 6 13 4 9 6 14 4 
18120	#LastScore
1	#IsUnlock