00000000000000000000
01111000011110000000
02222000022220000000
02222000022220000000
02222000022220000000
00000000000000000000
00000000000000000000
00000333300004444000
00000333300004444000
00000333300004444000
00000333300004444000
00000000000000000000
00000000000000000000
5000 	#one star
6000 	#two star
7000 	#three star
28 	#limit step
0	#vertical
0	#horizontal
0	#Teffect
0	#chocolate
4	#candy type
2	#mode
0	#initcandy
1	#portal
8 1 4 5 7 2 4 6 7 3 4 7 7 4 4 8 7 9 4 13 7 10 4 14 7 11 4 15 7 12 4 16 7	#location
18180	#LastScore
1	#IsUnlock