00000000000000000000
01111000011110000000
02222000022220000000
02222000022220000000
02222000022220000000
00000000000000000000
00000000000000000000
00333300003333000000
00222200002222000000
00222200002222000000
00222200002222000000
00000000000000000000
00000000000000000000
5000 	#one star
6000 	#two star
9000 	#three star
26 	#limit step
0	#vertical
0	#horizontal
0	#Teffect
0	#chocolate
4	#candy type
2	#mode
0	#initcandy
1	#portal
8 1 4 2 7 2 4 3 7 3 4 4 7 4 4 5 7 9 4 10 7 10 4 11 7 11 4 12 7 12 4 13 7	#location
21060	#LastScore
1	#IsUnlock