00000000000000000000
00000000000000000000
00000111111111100000
00000200000000200000
00000222222222200000
00000022222222000000
00000222222222200000
00000022222222000000
00000222222222200000
00000022222222000000
00000222222222200000
00000000000000000000
00000000000000000000
16000 	#one star
17000 	#two star
18000 	#three star
25 	#limit step
0	#vertical
0	#horizontal
0	#Teffect
0	#chocolate
5	#candy type
1	#mode
0	#initcandy
1	#portal
8 6 2 6 4 7 2 7 4 8 2 8 4 9 2 9 4 10 2 10 4 11 2 11 4 12 2 12 4 13 2 13 4	#location
49260	#LastScore
1	#IsUnlock